998 B W
4 A 34
11 A 116
20 A 86
21 A 48
25 A 232
26 A 56
55 A 94
65 A 2
66 A 176
69 A 36
73 A 115
84 A 46
106 A 137
118 A 152
119 A 81
126 A 163
127 A 92
142 A 109
143 A 210
146 A 9
149 A 76
154 A 189
160 A 322
180 A 141
190 A 83
192 A 88
195 A 167
197 A 236
201 A 273
204 A 3
207 A 244
211 A 376
212 A 248
228 A 355
249 A 213
297 A 266
324 A 265
330 A 299
335 A 369
336 A 202
337 A 203
347 A 117
361 A 130
363 A 458
371 A 240
375 A 472
385 A 150
388 A 286
391 A 320
401 A 370
405 A 469
410 A 215
411 A 186
418 A 447
420 A 392
422 A 356
445 A 257
459 A 268
471 A 437
474 A 439
491 A 520
506 A 542
510 A 416
518 A 553
523 A 628
524 A 364
525 A 460
528 A 400
530 A 672
536 A 501
552 A 488
561 A 334
562 A 596
563 A 465
565 A 339
572 A 380
573 A 608
581 A 551
585 A 623
586 A 423
598 A 402
610 A 574
617 A 390
619 A 516
624 A 657
634 A 669
639 A 498
640 A 534
641 A 602
645 A 606
654 A 421
655 A 622
671 A 433
676 A 738
677 A 569
705 A 769
711 A 746
717 A 517
722 A 493
735 A 701
743 A 503
751 A 784
753 A 620
761 A 727
772 A 708
774 A 710
776 A 914
777 A 747
778 A 817
800 A 839
820 A 856
831 A 662
836 A 594
843 A 806
844 A 807
845 A 809
847 A 879
858 A 888
861 A 891
871 A 903
889 A 688
895 A 925
896 A 693
901 A 762
911 A 707
951 A 921
953 A 827
954 A 990
964 A 731
974 A 938
977 A 773
995 A 798
336 M 39 9
87 M 318 2
700 M 58 19
790 M 368 21
340 M 98 9
227 M 318 5
85 M 298 2
371 M 49 10
6 M 88 1
481 M 218 13
422 M 349 12
430 M 1 11
65 M 39 1
562 M 7 13
405 M 79 11
191 M 288 5
741 M 148 21
172 M 478 4
1 M 28 2
691 M 398 19
284 M 228 6
73 M 179 1
201 M 29 5
467 M 58 12
768 M 58 21
33 M 58 0
250 M 155 4
884 M 258 26
157 M 308 4
987 M 368 29
624 M 379 17
373 M 75 7
777 M 239 23
896 M 429 25
199 M 2 5
654 M 339 18
724 M 428 19
489 M 346 10
532 M 78 15
337 M 49 10
932 M 78 26
318 M 258 8
160 M 339 3
84 M 286 0
981 M 298 27
178 M 78 4
638 M 65 16
74 M 188 1
185 M 168 4
126 M 369 3
905 M 58 26
190 M 279 4
913 M 208 25
625 M 385 14
139 M 68 3
523 M 439 14
212 M 139 5
696 M 468 18
313 M 188 8
304 M 1 7
239 M 25 8
766 M 38 21
995 M 489 29
314 M 198 9
641 M 106 15
335 M 19 9
541 M 188 18
410 M 169 11
134 M 458 2
889 M 359 25
650 M 215 17
858 M 329 24
17 M 258 1
505 M 189 17
57 M 428 1
964 M 19 29
131 M 428 1
627 M 418 16
221 M 238 5
101 M 488 4
815 M 228 22
31 M 21 3
645 M 156 20
788 M 348 23
23 M 0 0
119 M 259 3
719 M 348 20
979 M 228 27
810 M 158 22
552 M 339 15
283 M 218 7
479 M 198 12
635 M 28 17
607 M 165 16
194 M 378 5
264 M 349 9
414 M 218 10
571 M 149 15
308 M 138 8
882 M 228 25
358 M 369 8
214 M 155 1
112 M 148 1
843 M 106 21
55 M 409 0
383 M 198 9
72 M 168 0
136 M 478 1
177 M 68 3
689 M 368 19
187 M 228 5
103 M 5 2
110 M 115 3
504 M 178 14
21 M 316 1
495 M 28 14
62 M 0 0
5 M 75 0
204 M 59 6
206 M 78 4
13 M 206 5
407 M 118 10
581 M 319 16
170 M 458 2
375 M 109 11
880 M 208 24
639 M 89 18
663 M 438 17
179 M 88 3
263 M 338 5
527 M 8 14
705 M 129 20
910 M 138 25
973 M 138 29
434 M 48 11
378 M 148 9
147 M 168 2
933 M 88 26
207 M 89 5
385 M 219 10
146 M 149 3
637 M 48 17
799 M 12 19
218 M 208 7
735 M 76 19
751 M 306 19
476 M 158 12
142 M 106 1
132 M 438 1
305 M 38 9
436 M 78 11
601 M 98 16
953 M 389 27
929 M 28 28
508 M 218 13
197 M 469 5
441 M 178 12
847 M 169 24
598 M 49 18
512 M 278 16
122 M 308 4
795 M 455 19
636 M 38 19
539 M 168 17
573 M 176 14
720 M 368 19
151 M 225 2
565 M 69 16
324 M 369 8
40 M 148 1
381 M 178 9
742 M 158 20
164 M 378 5
772 M 189 23
149 M 209 3
228 M 329 6
649 M 208 17
258 M 288 5
293 M 355 9
45 M 278 0
20 M 309 0
344 M 138 8
217 M 188 4
418 M 279 11
19 M 300 2
474 M 129 13
547 M 278 16
820 M 289 24
259 M 295 4
277 M 78 7
869 M 7 21
4 M 66 1
153 M 248 2
341 M 108 11
444 M 218 13
711 M 226 21
38 M 128 3
923 M 375 24
970 M 88 28
233 M 418 5
246 M 118 6
445 M 239 12
496 M 48 13
579 M 268 19
908 M 108 29
529 M 35 14
291 M 328 7
113 M 158 2
872 M 58 24
401 M 39 11
902 M 9 25
846 M 145 22
225 M 298 5
270 M 1 6
159 M 328 5
138 M 58 3
195 M 409 4
848 M 188 23
610 M 206 15
690 M 385 18
279 M 98 7
916 M 248 26
778 M 249 22
757 M 388 21
577 M 248 15
287 M 255 6
556 M 408 15
326 M 398 7
660 M 408 19
862 M 395 20
518 M 359 14
395 M 408 9
391 M 309 11
692 M 415 18
659 M 398 19
519 M 378 14
154 M 269 4
282 M 198 6
818 M 258 22
180 M 99 4
876 M 118 25
123 M 315 2
920 M 345 25
471 M 99 13
774 M 209 22
102 M 1 1
673 M 58 18
182 M 118 3
572 M 169 16
890 M 368 24
11 M 189 0
698 M 488 20
66 M 59 1
736 M 88 20
347 M 199 9
971 M 98 28
605 M 148 18
831 M 429 24
350 M 255 6
561 M 1 16
362 M 428 9
211 M 131 5
77 M 218 3
420 M 319 12
528 M 19 15
568 M 118 16
70 M 118 1
243 M 75 4
924 M 398 25
947 M 288 27
968 M 58 29
54 M 398 3
27 M 439 2
726 M 449 19
80 M 248 1
583 M 348 17
618 M 298 17
667 M 2 19
35 M 88 1
873 M 68 24
824 M 348 23
261 M 318 5
646 M 178 18
25 M 399 0
459 M 449 13
143 M 119 3
676 M 109 19
234 M 428 4
776 M 229 22
616 M 278 16
658 M 389 17
714 M 278 19
986 M 358 28
835 M 468 22
10 M 178 0
367 M 478 9
864 M 438 23
652 M 268 19
59 M 448 0
429 M 478 10
588 M 408 15
686 M 335 16
819 M 268 25
43 M 208 2
836 M 479 23
275 M 58 6
750 M 298 21
452 M 358 12
166 M 398 4
694 M 438 18
249 M 149 6
951 M 356 24
855 M 278 24
670 M 29 18
844 M 119 24
977 M 199 30
770 M 158 22
840 M 68 24
640 M 99 19
544 M 228 17
224 M 288 5
330 M 436 5
26 M 419 1
959 M 458 26
315 M 205 5
357 M 358 9
898 M 455 24
384 M 208 13
887 M 308 24
849 M 198 23
653 M 278 17
229 M 358 6
753 M 329 21
630 M 458 17
485 M 298 13
7 M 118 1
188 M 238 5
989 M 388 28
106 M 46 0
316 M 218 7
794 M 428 21
491 M 389 13
526 M 2 16
861 M 379 24
965 M 28 28
144 M 125 2
127 M 376 5
558 M 438 14
540 M 178 16
502 M 158 14
671 M 39 20
822 M 308 23
678 M 178 18
940 M 186 24
550 M 308 17
69 M 99 1
321 M 318 7
269 M 465 2
219 M 218 5
451 M 348 12
382 M 188 9
470 M 88 13
619 M 319 18
952 M 368 26
792 M 398 22
582 M 328 15
734 M 58 20
290 M 288 7
506 M 196 12
634 M 19 19
870 M 27 21
409 M 148 10
432 M 28 14
121 M 288 1
58 M 435 1
591 M 438 15
440 M 158 12
803 M 75 23
129 M 398 4
737 M 98 21
661 M 415 18
245 M 108 5
974 M 149 28
42 M 188 1
525 M 459 14
363 M 440 9
655 M 359 18
537 M 149 14
255 M 218 7
497 M 75 13
717 M 329 20
377 M 138 10
303 M 488 6
761 M 459 21
975 M 168 28
732 M 38 20
901 M 489 25
531 M 68 15
721 M 385 18
743 M 169 21
722 M 409 22
148 M 188 4
814 M 218 23
845 M 136 25
760 M 438 22
510 M 259 14
911 M 159 27
536 M 139 15
695 M 448 18
988 M 378 27
842 M 88 23
665 M 465 15
411 M 179 11
972 M 128 27
97 M 438 1
586 M 379 17
783 M 298 21
744 M 178 21
871 M 39 27
155 M 288 2
156 M 298 2
256 M 228 5
677 M 129 19
664 M 458 17
171 M 465 1
192 M 329 4
950 M 348 27
868 M 488 26
361 M 419 9
800 M 17 20
425 M 398 10
617 M 289 17
821 M 298 23
351 M 278 9
457 M 432 12
449 M 328 12
978 M 215 30
851 M 238 23
254 M 208 7
897 M 450 28
918 M 278 25
325 M 388 8
300 M 448 6
28 M 445 0
886 M 289 24
242 M 68 6
863 M 408 24
593 M 468 17
756 M 368 21
412 M 198 11
575 M 218 17
980 M 258 27
944 M 248 26
912 M 188 26
230 M 378 5
614 M 258 16
949 M 328 29
867 M 478 23
563 M 19 16
718 M 338 21
682 M 278 19
297 M 410 7
626 M 399 16
343 M 128 9
895 M 419 25
587 M 398 16
278 M 89 6
30 M 488 1
945 M 258 26
907 M 98 27
725 M 438 19
107 M 88 1
360 M 398 9
854 M 265 22
388 M 249 11
105 M 28 3
374 M 88 9
427 M 418 10
462 M 475 9
509 M 225 10
530 M 49 16
811 M 168 22
956 M 418 26
223 M 268 5
789 M 358 21
53 M 378 2
592 M 445 12
323 M 358 7
674 M 68 18
78 M 228 1
786 M 328 22
118 M 239 4
524 M 449 14
647 M 188 18
585 M 369 17
958 M 448 28
942 M 208 26
511 M 268 14
329 M 428 9
709 M 198 19
490 M 378 12
548 M 288 14
394 M 367 8
830 M 418 24
666 M 478 17
396 M 428 9
893 M 398 24
954 M 399 27
991 M 408 27
463 M 488 12
992 M 418 28
